#ha7netd v0.1 (compiled Mar 19 2010 11:21:11)
#All time units are seconds since 00:00 1 Jan 1970 -0700 (PDT)
#<column>:<ROM id>:<format>:<units>:<type>:<description>
#1::%u:s:time_t:Seconds since 1 Jan 1970 00:00
#2:C5000000237F6C12:%0.1f:C:temp:Temperature
#3:C5000000237F6C12:%0.1f:mbar:pres:Atmospheric pressure, station altitude
#4:C5000000237F6C12:%0.1f:mbar:prsl:Atmospheric pressure, mean sea level (12 hour averaging)
#5:C5000000237F6C12:%0.1f:mbar:prsl0:Atmospheric pressure, mean sea level (no averaging)
#6:43000000E76FAA26:%0.1f:C:temp:Temperature
#7:43000000E76FAA26:%0.2f:%:rh:Relative humidity
#8:DA000000E7505A26:%0.1f:C:temp:Temperature
#9:DA000000E7505A26:%0.2f:%:rh:Relative humidity
1285830076 24.7 869.5 1005.8 1006.7 20.8 42.31 20.6 45.71
1285830195 24.7 869.5 1005.8 1006.7 20.8 42.31 20.6 45.71
1285830314 24.7 869.5 1005.8 1006.7 20.7 43.00 20.7 45.71
1285830433 24.7 869.5 1005.8 1006.7 20.7 43.00 20.6 46.06
1285830552 24.7 869.4 1005.7 1006.6 20.7 43.00 20.6 46.06
1285830671 24.7 869.4 1005.7 1006.7 20.7 43.00 20.6 46.06
1285830790 24.6 869.4 1005.7 1006.6 20.7 43.00 20.6 46.06
1285830909 24.6 869.4 1005.6 1006.6 20.7 43.00 20.6 46.41
1285831028 24.6 869.4 1005.7 1006.7 20.7 43.00 20.6 46.06
1285831147 24.6 869.3 1005.6 1006.5 20.7 43.00 20.6 46.41
1285831266 24.6 869.4 1005.7 1006.6 20.6 43.00 20.6 46.41
1285831385 24.6 869.4 1005.6 1006.6 20.7 43.35 20.6 46.41
1285831504 24.6 869.3 1005.6 1006.6 20.6 43.00 20.6 46.41
1285831623 24.5 869.3 1005.6 1006.6 20.6 43.35 20.5 46.41
1285831742 24.5 869.3 1005.5 1006.5 20.6 43.00 20.6 46.41
1285831861 24.5 869.4 1005.6 1006.7 20.6 43.00 20.5 46.41
1285831980 24.5 869.3 1005.5 1006.5 20.6 43.00 20.5 46.41
1285832099 24.5 869.2 1005.5 1006.5 20.6 43.00 20.5 46.41
1285832218 24.5 869.2 1005.4 1006.5 20.6 43.00 20.4 46.41
1285832337 24.5 869.3 1005.5 1006.6 20.6 43.00 20.4 46.41
1285832456 24.5 869.1 1005.3 1006.4 20.5 43.00 20.4 46.41
1285832575 24.5 869.1 1005.3 1006.4 20.6 43.00 20.4 46.41
1285832694 24.5 869.2 1005.4 1006.5 20.5 43.00 20.4 46.41
1285832813 24.5 869.1 1005.3 1006.4 20.5 42.66 20.4 46.41
1285832932 24.5 869.2 1005.4 1006.5 20.5 42.31 20.4 46.41
1285833051 24.5 869.3 1005.5 1006.6 20.5 42.31 20.4 46.41
1285833170 24.5 869.2 1005.5 1006.6 20.4 43.00 20.4 46.76
1285833289 24.4 869.1 1005.3 1006.4 20.4 43.00 20.4 47.11
1285833408 24.4 869.1 1005.3 1006.4 20.4 43.00 20.4 47.11
1285833527 24.4 869.1 1005.3 1006.4 20.4 43.00 20.4 46.76
1285833646 24.4 869.2 1005.4 1006.5 20.4 43.00 20.4 47.11
1285833765 24.4 869.2 1005.4 1006.5 20.4 43.00 20.3 46.41
1285833884 24.4 869.1 1005.4 1006.5 20.4 42.31 20.3 46.41
1285834003 24.4 869.1 1005.3 1006.5 20.4 42.66 20.3 46.76
1285834122 24.4 869.2 1005.4 1006.6 20.4 42.66 20.3 46.41
1285834241 24.4 869.2 1005.4 1006.6 20.4 42.66 20.2 46.76
1285834360 24.3 869.2 1005.5 1006.6 20.3 43.00 20.2 47.11
1285834479 24.3 869.3 1005.5 1006.7 20.3 43.00 20.2 47.81
1285834598 24.3 869.3 1005.6 1006.8 20.3 43.00 20.2 47.11
1285834717 24.3 869.3 1005.6 1006.7 20.3 43.00 20.1 47.46
1285834836 24.3 869.4 1005.6 1006.8 20.2 43.00 20.1 47.11
1285834955 24.2 869.2 1005.5 1006.7 20.2 43.00 20.1 46.76
1285835074 24.2 869.2 1005.5 1006.7 20.2 43.35 20.1 47.11
1285835193 24.2 869.3 1005.6 1006.8 20.2 43.69 20.0 47.46
1285835312 24.2 869.3 1005.5 1006.8 20.1 43.35 20.0 47.11
1285835431 24.2 869.2 1005.5 1006.7 20.1 43.35 20.0 47.11
1285835550 24.2 869.3 1005.6 1006.8 20.1 43.69 19.9 47.11
1285835669 24.1 869.3 1005.7 1006.9 20.1 43.69 19.9 47.11
1285835788 24.1 869.3 1005.6 1006.9 20.1 43.69 19.9 47.11
1285835907 24.1 869.4 1005.7 1007.0 20.1 43.35 19.9 47.11
1285836026 24.1 869.5 1005.8 1007.1 20.1 43.00 19.9 47.11
1285836145 24.1 869.3 1005.7 1006.9 20.0 43.35 19.9 47.11
1285836264 24.1 869.3 1005.7 1006.9 20.0 43.00 19.9 47.11
1285836383 24.1 869.5 1005.9 1007.1 20.0 43.00 19.9 47.11
1285836502 24.0 869.4 1005.7 1007.0 20.0 43.35 19.9 47.46
1285836621 24.0 869.4 1005.8 1007.0 19.9 43.69 19.9 47.46
1285836740 24.0 869.5 1005.9 1007.1 19.9 43.69 19.8 47.81
1285836859 24.0 869.2 1005.6 1006.8 19.9 43.69 19.8 47.46
1285836978 24.0 869.5 1005.9 1007.1 19.9 43.69 19.8 47.46
1285837097 24.0 869.4 1005.8 1007.1 19.9 43.69 19.8 47.81
1285837216 24.0 869.4 1005.8 1007.1 19.9 43.69 19.8 47.81
1285837335 23.9 869.4 1005.8 1007.0 19.9 43.69 19.8 47.81
1285837454 23.9 869.3 1005.7 1007.0 19.8 43.69 19.8 47.72
1285837573 23.9 869.4 1005.8 1007.1 19.8 43.69 19.7 47.81
1285837692 23.9 869.4 1005.8 1007.1 19.8 43.69 19.7 47.81
1285837811 23.9 869.4 1005.8 1007.1 19.8 43.69 19.7 47.81
1285837930 23.9 869.4 1005.8 1007.1 19.8 43.35 19.7 47.81
1285838049 23.9 869.3 1005.8 1007.1 19.8 43.69 19.7 47.81
1285838168 23.9 869.4 1005.9 1007.1 19.8 43.69 19.7 47.81
1285838287 23.9 869.4 1005.9 1007.1 19.8 43.69 19.7 47.81
1285838406 23.9 869.4 1005.9 1007.1 19.8 43.69 19.7 47.46
1285838525 23.8 869.3 1005.8 1007.0 19.8 44.04 19.7 47.81
1285838644 23.8 869.3 1005.8 1007.1 19.8 44.38 19.6 47.72
1285838763 23.8 869.3 1005.8 1007.0 19.7 44.04 19.7 47.81
1285838882 23.8 869.3 1005.8 1007.0 19.7 43.69 19.6 47.81
1285839001 23.8 869.3 1005.7 1007.0 19.7 44.38 19.7 47.81
1285839120 23.8 869.3 1005.7 1007.0 19.7 44.38 19.6 47.81
1285839239 23.8 869.2 1005.6 1006.8 19.7 44.38 19.7 47.81
1285839358 23.8 869.1 1005.6 1006.8 19.7 44.38 19.7 47.81
1285839477 23.8 869.1 1005.5 1006.7 19.7 44.38 19.7 47.81
1285839596 23.8 869.1 1005.5 1006.8 19.7 44.38 19.7 47.81
1285839715 23.8 869.0 1005.4 1006.7 19.7 44.38 19.7 47.81
1285839834 23.8 869.0 1005.4 1006.7 19.7 44.38 19.7 47.81
1285839953 23.8 869.0 1005.4 1006.7 19.7 44.38 19.7 47.81
1285840072 23.8 869.0 1005.4 1006.6 19.7 44.38 19.7 47.81
1285840191 23.8 869.0 1005.3 1006.6 19.7 44.04 19.7 47.81
1285840310 23.8 868.9 1005.3 1006.6 19.7 44.04 19.7 47.81
1285840429 23.8 868.9 1005.3 1006.6 19.7 43.69 19.7 47.81
1285840548 23.8 868.9 1005.3 1006.5 19.7 44.38 19.7 47.81
1285840667 23.8 868.9 1005.2 1006.5 19.7 44.04 19.7 47.81
1285840786 23.8 869.0 1005.3 1006.6 19.7 44.38 19.7 47.81
1285840905 23.8 868.9 1005.2 1006.5 19.7 44.04 19.7 47.81
1285841024 23.8 868.9 1005.2 1006.5 19.7 44.04 19.7 47.81
1285841143 23.8 868.8 1005.1 1006.4 19.7 43.69 19.7 47.81
1285841262 23.8 868.8 1005.2 1006.5 19.7 43.69 19.7 47.46
1285841381 23.8 868.8 1005.2 1006.5 19.7 43.69 19.7 47.46
1285841500 23.7 868.9 1005.3 1006.6 19.7 43.69 19.7 47.46
1285841619 23.7 869.0 1005.4 1006.6 19.7 43.69 19.7 47.46
1285841738 23.7 868.8 1005.2 1006.5 19.7 43.69 19.7 47.81
1285841857 23.7 868.8 1005.2 1006.5 19.7 43.69 19.7 47.81
1285841976 23.7 868.8 1005.2 1006.4 19.7 43.69 19.7 47.81
1285842095 23.7 868.8 1005.2 1006.4 19.7 43.69 19.7 47.81
1285842214 23.7 868.9 1005.3 1006.5 19.7 43.69 19.6 47.81
1285842333 23.7 868.8 1005.3 1006.5 19.7 43.69 19.6 47.46
1285842452 23.7 868.8 1005.3 1006.5 19.7 43.69 19.6 47.46
1285842571 23.6 868.8 1005.3 1006.5 19.6 43.69 19.6 47.46
1285842690 23.6 868.8 1005.2 1006.5 19.6 43.69 19.6 47.81
1285842809 23.6 868.7 1005.1 1006.4 19.6 43.69 19.6 47.81
1285842928 23.6 868.8 1005.2 1006.4 19.6 43.69 19.6 47.46
1285843047 23.6 868.7 1005.1 1006.3 19.6 43.69 19.6 47.46
1285843166 23.6 868.6 1005.1 1006.3 19.6 43.69 19.6 47.11
1285843285 23.6 868.7 1005.2 1006.4 19.6 43.35 19.6 47.11
1285843404 23.6 868.7 1005.1 1006.3 19.6 43.35 19.6 47.11
1285843523 23.5 868.6 1005.1 1006.3 19.6 43.35 19.6 47.11
1285843642 23.5 868.7 1005.2 1006.4 19.6 43.35 19.5 47.11
1285843761 23.5 868.6 1005.1 1006.3 19.6 43.35 19.6 47.11
1285843880 23.5 868.7 1005.2 1006.4 19.6 43.35 19.5 47.11
1285843999 23.5 868.6 1005.1 1006.3 19.6 43.35 19.5 47.11
1285844118 23.5 868.6 1005.2 1006.3 19.6 43.00 19.5 47.11
1285844237 23.5 868.6 1005.2 1006.3 19.6 43.35 19.4 47.11
1285844356 23.5 868.6 1005.1 1006.3 19.5 43.35 19.5 47.11
1285844475 23.5 868.8 1005.3 1006.5 19.5 43.35 19.5 47.11
1285844594 23.5 868.7 1005.2 1006.4 19.5 43.35 19.4 47.11
1285844713 23.4 868.7 1005.3 1006.5 19.5 43.35 19.4 47.11
1285844832 23.4 868.7 1005.3 1006.4 19.5 43.69 19.4 47.11
1285844951 23.4 868.6 1005.2 1006.4 19.5 43.35 19.4 47.11
1285845070 23.4 868.7 1005.3 1006.4 19.5 43.35 19.4 47.11
1285845189 23.4 868.6 1005.3 1006.4 19.4 43.00 19.4 47.11
1285845308 23.4 868.7 1005.3 1006.5 19.4 43.35 19.4 47.11
1285845427 23.4 868.8 1005.4 1006.6 19.4 43.00 19.4 47.11
1285845546 23.3 868.8 1005.4 1006.6 19.4 43.35 19.4 47.11
1285845665 23.3 868.9 1005.6 1006.8 19.4 43.69 19.4 47.11
1285845784 23.3 868.8 1005.5 1006.7 19.4 43.69 19.3 47.11
1285845903 23.3 869.0 1005.7 1006.8 19.4 43.69 19.4 47.11
1285846022 23.3 869.0 1005.7 1006.8 19.4 43.35 19.3 47.11
1285846141 23.3 868.7 1005.4 1006.6 19.4 43.35 19.3 47.02
1285846260 23.3 868.8 1005.4 1006.6 19.4 43.69 19.3 47.11
1285846379 23.3 868.6 1005.3 1006.4 19.4 43.69 19.3 47.81
1285846498 23.3 868.7 1005.4 1006.6 19.3 43.69 19.2 47.81
1285846617 23.3 868.8 1005.5 1006.7 19.3 43.69 19.2 47.81
1285846736 23.3 868.9 1005.6 1006.8 19.3 43.69 19.2 47.81
1285846855 23.3 868.9 1005.6 1006.7 19.3 43.35 19.2 47.46
1285846974 23.3 868.9 1005.6 1006.8 19.2 43.69 19.2 47.81
1285847093 23.3 869.0 1005.7 1006.9 19.2 43.69 19.2 47.81
1285847212 23.3 868.8 1005.6 1006.7 19.2 43.35 19.2 47.46
1285847331 23.3 868.8 1005.6 1006.7 19.2 43.69 19.2 47.81
1285847450 23.3 869.0 1005.8 1006.9 19.2 43.69 19.2 47.81
1285847569 23.2 869.0 1005.8 1006.9 19.2 43.69 19.1 48.16
1285847688 23.2 868.9 1005.8 1006.9 19.2 43.69 19.1 47.81
1285847807 23.2 868.9 1005.8 1006.9 19.2 43.69 19.1 47.81
1285847926 23.2 869.0 1005.9 1007.0 19.2 43.69 19.1 47.81
1285848045 23.2 869.0 1005.8 1006.9 19.2 43.69 19.1 47.81
1285848164 23.2 869.0 1005.9 1007.0 19.1 43.69 19.1 47.81
1285848283 23.2 868.9 1005.8 1006.9 19.1 43.69 19.1 48.16
1285848402 23.2 869.0 1005.9 1007.0 19.1 44.04 19.1 48.16
1285848521 23.2 869.0 1005.9 1007.0 19.1 43.69 19.1 48.07
1285848640 23.2 869.0 1005.9 1007.0 19.1 43.69 19.1 47.81
1285848759 23.1 869.1 1006.1 1007.1 19.1 43.69 19.1 48.07
1285848878 23.1 869.1 1006.1 1007.1 19.1 43.69 19.1 48.51
1285848997 23.1 869.1 1006.0 1007.1 19.1 44.04 19.1 48.51
1285849116 23.1 869.2 1006.2 1007.2 19.1 43.69 19.0 48.51
1285849235 23.1 869.2 1006.1 1007.2 19.1 43.69 19.0 48.16
1285849354 23.1 869.2 1006.2 1007.3 19.1 43.69 19.0 48.16
1285849473 23.1 869.2 1006.2 1007.3 19.1 43.69 19.0 48.16
1285849592 23.1 869.2 1006.2 1007.3 19.0 44.38 18.9 48.51
1285849711 23.1 869.4 1006.4 1007.4 19.1 44.38 19.0 48.51
1285849830 23.0 869.3 1006.4 1007.4 19.0 44.04 18.9 48.51
1285849949 23.0 869.2 1006.3 1007.3 19.0 43.69 18.9 48.16
1285850068 23.0 869.3 1006.3 1007.4 19.0 44.04 18.9 48.51
1285850187 23.0 869.3 1006.3 1007.4 19.0 44.04 18.9 48.16
1285850306 23.0 869.4 1006.4 1007.5 19.0 44.04 18.9 48.16
1285850425 23.0 869.2 1006.3 1007.3 19.0 44.38 18.9 48.51
1285850544 23.0 869.3 1006.4 1007.4 19.0 44.38 18.9 48.51
1285850663 23.0 869.3 1006.4 1007.4 19.0 44.38 18.9 48.51
1285850782 23.0 869.2 1006.3 1007.3 18.9 44.38 18.9 48.51
1285850901 23.0 869.3 1006.4 1007.4 18.9 44.38 18.9 48.51
1285851020 23.0 869.2 1006.2 1007.3 18.9 44.38 18.9 48.86
1285851139 23.0 869.3 1006.4 1007.4 18.9 44.73 18.9 49.22
1285851258 23.0 869.2 1006.3 1007.3 18.9 43.69 18.9 48.16
1285851377 22.9 869.4 1006.5 1007.5 18.9 44.04 18.9 48.51
1285851496 22.9 869.3 1006.5 1007.5 18.9 44.04 18.9 48.51
1285851615 22.9 869.3 1006.5 1007.4 18.9 44.38 19.0 48.51
1285851734 22.9 869.3 1006.5 1007.5 18.9 43.00 19.0 47.46
1285851853 22.9 869.4 1006.5 1007.5 18.9 43.69 19.0 47.81
1285851972 22.9 869.3 1006.5 1007.4 18.9 43.35 19.1 47.81
1285852091 22.9 869.4 1006.6 1007.5 19.0 43.35 19.1 47.81
1285852210 22.9 869.3 1006.5 1007.4 19.0 43.69 19.2 47.81
1285852329 22.9 869.3 1006.5 1007.4 19.1 43.69 19.2 48.16
1285852448 22.9 869.4 1006.6 1007.5 19.1 43.69 19.2 47.81
1285852567 22.9 869.3 1006.5 1007.3 19.1 43.69 19.2 47.81
1285852686 22.9 869.4 1006.6 1007.4 19.1 43.69 19.2 47.81
1285852805 22.9 869.4 1006.5 1007.4 19.1 43.35 19.2 47.81
1285852924 22.9 869.4 1006.6 1007.4 19.1 43.69 19.2 47.81
1285853043 22.9 869.1 1006.2 1007.0 19.1 43.35 19.2 47.46
1285853162 23.0 869.2 1006.3 1007.2 19.1 43.35 19.2 47.46
1285853281 22.9 869.4 1006.6 1007.5 19.2 43.00 19.2 47.46
1285853400 23.0 869.4 1006.6 1007.4 19.2 43.00 19.2 47.11
1285853519 23.0 869.5 1006.7 1007.5 19.2 43.69 19.2 47.46
1285853638 23.0 869.4 1006.6 1007.4 19.2 43.69 19.2 47.72
1285853757 22.9 869.4 1006.6 1007.4 19.2 43.69 19.2 47.81
1285853876 22.9 869.4 1006.6 1007.4 19.2 43.69 19.2 47.81
1285853995 22.9 869.4 1006.6 1007.4 19.2 43.69 19.2 47.81
1285854114 22.9 869.5 1006.7 1007.5 19.2 43.69 19.2 47.46
1285854233 22.9 869.6 1006.8 1007.6 19.2 43.69 19.2 47.81
1285854352 22.9 869.5 1006.7 1007.5 19.2 43.35 19.2 47.46
1285854471 22.9 869.6 1006.8 1007.6 19.2 43.69 19.2 47.46
1285854590 22.9 869.5 1006.8 1007.5 19.2 43.69 19.2 47.46
1285854709 22.9 869.4 1006.7 1007.4 19.2 43.69 19.2 47.81
1285854828 22.9 869.5 1006.8 1007.5 19.2 43.69 19.2 47.81
1285854947 22.9 869.5 1006.8 1007.6 19.2 43.69 19.2 47.81
1285855066 22.9 869.6 1006.9 1007.7 19.2 43.69 19.2 47.81
1285855185 22.9 869.6 1006.9 1007.7 19.2 43.35 19.2 47.46
1285855304 22.9 869.7 1007.1 1007.8 19.2 43.69 19.2 47.81
1285855423 22.9 870.1 1007.5 1008.2 19.2 43.69 19.2 48.51
1285855542 22.9 870.1 1007.5 1008.3 19.2 44.04 19.2 48.51
1285855661 22.9 870.2 1007.7 1008.4 19.2 43.69 19.2 47.81
1285855780 22.9 870.3 1007.8 1008.5 19.2 43.69 19.2 47.81
1285855899 22.9 870.4 1007.9 1008.6 19.2 44.04 19.2 48.51
1285856018 22.9 870.4 1007.9 1008.6 19.2 44.38 19.2 48.16
1285856137 22.9 870.5 1008.0 1008.7 19.2 44.38 19.2 48.51
1285856257 22.9 870.5 1007.9 1008.6 19.2 44.38 19.2 48.51
1285856375 22.9 870.5 1007.9 1008.6 19.2 44.38 19.3 48.51
1285856494 22.9 870.5 1007.9 1008.6 19.2 45.42 19.3 49.22
1285856613 22.9 870.7 1008.1 1008.8 19.2 45.77 19.3 50.62
1285856732 22.9 870.6 1008.0 1008.7 19.3 45.77 19.3 50.62
1285856851 22.9 870.6 1008.0 1008.7 19.3 45.77 19.3 50.62
1285856970 22.9 870.7 1008.1 1008.8 19.3 45.77 19.3 50.27
1285857089 22.9 870.7 1008.1 1008.8 19.3 45.77 19.4 49.92
1285857208 22.9 870.8 1008.2 1008.9 19.3 45.77 19.3 49.92
1285857327 22.9 870.8 1008.2 1008.9 19.3 45.77 19.3 49.57
1285857446 22.9 870.6 1008.1 1008.7 19.3 45.77 19.3 49.92
1285857565 22.9 870.6 1008.1 1008.7 19.3 46.11 19.3 49.82
1285857684 22.9 870.6 1008.1 1008.7 19.3 46.11 19.3 49.92
1285857803 22.9 870.6 1008.1 1008.7 19.4 46.11 19.3 49.92
1285857922 22.9 870.5 1008.0 1008.6 19.3 46.46 19.3 49.92
1285858041 22.9 870.5 1007.9 1008.6 19.4 46.46 19.3 50.62
1285858160 22.8 870.5 1007.9 1008.5 19.4 46.46 19.3 50.62
1285858279 22.9 870.5 1008.0 1008.6 19.3 46.81 19.3 50.62
1285858398 22.8 870.4 1007.8 1008.5 19.3 46.46 19.3 50.27
1285858517 22.8 870.5 1008.0 1008.6 19.3 46.46 19.3 50.27
1285858636 22.8 870.3 1007.7 1008.3 19.4 46.46 19.3 49.92
1285858755 22.8 870.4 1007.9 1008.4 19.4 46.46 19.3 50.62
1285858874 22.9 870.3 1007.8 1008.3 19.4 46.46 19.4 50.62
1285858993 22.9 870.3 1007.7 1008.3 19.4 47.50 19.4 52.73
1285859112 22.9 870.4 1007.9 1008.4 19.4 47.84 19.4 53.43
1285859231 22.9 870.4 1007.8 1008.4 19.4 48.88 19.4 53.43
1285859350 22.9 870.4 1007.8 1008.3 19.4 48.53 19.4 53.43
1285859469 22.9 870.4 1007.9 1008.4 19.4 48.53 19.4 52.97
1285859588 22.9 870.4 1007.9 1008.4 19.4 47.84 19.4 52.73
1285859707 22.9 870.6 1008.0 1008.5 19.4 47.84 19.4 52.02
1285859826 22.9 870.5 1007.9 1008.4 19.5 48.19 19.5 53.08
1285859945 23.0 870.6 1008.0 1008.5 19.5 47.84 19.5 52.38
1285860064 23.0 870.6 1008.1 1008.6 19.5 49.23 19.5 54.83
1285860183 23.1 870.3 1007.8 1008.2 19.5 49.57 19.5 54.83
1285860302 23.1 870.4 1007.9 1008.3 19.5 49.23 19.5 54.13
1285860421 23.2 870.6 1008.0 1008.5 19.5 49.57 19.5 54.13
1285860540 23.2 870.4 1007.9 1008.3 19.6 49.92 19.5 54.83
1285860659 23.2 870.6 1008.1 1008.5 19.5 49.92 19.5 54.83
1285860778 23.2 870.5 1008.0 1008.4 19.6 50.61 19.5 54.83
1285860897 23.3 870.6 1008.0 1008.4 19.6 51.30 19.5 54.83
1285861016 23.3 870.5 1008.0 1008.4 19.6 50.96 19.5 54.83
1285861135 23.3 870.6 1008.1 1008.5 19.6 50.61 19.5 54.13
1285861254 23.3 870.6 1008.1 1008.5 19.6 49.92 19.6 54.13
1285861373 23.4 870.7 1008.2 1008.6 19.6 49.92 19.6 53.78
1285861492 23.4 870.5 1008.0 1008.4 19.6 49.92 19.6 53.78
1285861611 23.4 870.6 1008.1 1008.4 19.6 49.92 19.6 53.78
1285861730 23.4 870.5 1008.0 1008.4 19.6 49.92 19.6 53.78
1285861849 23.4 870.6 1008.1 1008.5 19.6 49.92 19.6 53.67
1285861968 23.5 870.7 1008.2 1008.5 19.6 49.92 19.7 53.78
1285862087 23.5 870.7 1008.2 1008.5 19.7 49.92 19.8 53.78
1285862206 23.5 870.6 1008.2 1008.5 19.7 49.23 19.8 53.43
1285862325 23.5 870.9 1008.4 1008.7 19.7 49.23 19.8 53.43
1285862444 23.5 870.8 1008.3 1008.6 19.8 49.23 19.9 53.78
1285862563 23.6 870.9 1008.5 1008.7 19.8 50.26 19.9 54.13
1285862682 23.6 870.9 1008.4 1008.6 19.8 50.96 19.9 54.83
1285862801 23.6 871.0 1008.5 1008.7 19.8 51.30 20.1 54.83
1285862920 23.6 871.0 1008.5 1008.6 19.9 51.65 20.1 54.83
1285863039 23.6 871.1 1008.6 1008.8 19.9 51.99 20.1 55.53
1285863158 23.7 871.0 1008.5 1008.7 19.9 52.34 20.2 55.53
1285863277 23.7 871.1 1008.6 1008.7 20.0 53.03 20.2 55.89
1285863396 23.7 870.9 1008.4 1008.5 20.1 53.38 20.2 56.24
1285863515 23.7 871.0 1008.5 1008.6 20.1 53.38 20.3 56.24
1285863634 23.8 871.1 1008.5 1008.6 20.1 53.38 20.4 56.59
1285863753 23.8 871.0 1008.5 1008.5 20.2 53.03 20.4 56.59
1285863872 23.8 871.0 1008.5 1008.5 20.2 52.68 20.5 56.24
1285863991 23.9 871.0 1008.5 1008.5 20.3 50.61 20.6 55.54
1285864110 23.9 871.1 1008.5 1008.4 20.4 51.99 20.7 56.24
1285864229 24.0 871.1 1008.5 1008.4 20.4 50.61 20.9 54.13
1285864348 24.1 871.3 1008.7 1008.6 20.6 49.92 21.0 54.13
1285864467 24.1 871.2 1008.6 1008.4 20.6 48.88 21.2 53.43
1285864586 24.2 871.3 1008.7 1008.5 20.8 48.53 21.3 53.08
1285864705 24.2 871.4 1008.8 1008.6 20.9 47.84 21.5 52.02
1285864824 24.3 871.4 1008.8 1008.5 21.0 47.15 21.6 50.97
1285864943 24.3 871.4 1008.8 1008.5 21.1 45.77 21.7 49.92
1285865062 24.4 871.3 1008.6 1008.3 21.2 45.77 21.8 49.92
1285865181 24.4 871.4 1008.8 1008.4 21.3 45.77 21.9 49.92
1285865300 24.5 871.4 1008.7 1008.4 21.4 45.42 21.9 49.57
1285865419 24.5 871.4 1008.7 1008.3 21.4 45.08 22.0 49.22
1285865538 24.5 871.3 1008.6 1008.2 21.6 45.08 22.1 49.22
1285865657 24.6 871.6 1008.8 1008.4 21.6 45.77 22.1 49.92
1285865776 24.6 871.5 1008.8 1008.3 21.7 45.77 22.2 49.22
1285865895 24.6 871.5 1008.8 1008.3 21.8 45.42 22.2 49.22
1285866014 24.7 871.5 1008.8 1008.3 21.8 44.73 22.3 48.51
1285866133 24.7 871.6 1008.8 1008.3 21.9 45.08 22.4 48.87
1285866252 24.7 871.6 1008.9 1008.3 22.0 45.08 22.4 48.51
1285866371 24.8 871.6 1008.8 1008.2 22.1 45.08 22.4 48.51
1285866490 24.8 871.6 1008.8 1008.2 22.1 44.73 22.4 48.16
1285866609 24.8 871.5 1008.8 1008.2 22.1 44.39 22.5 48.16
1285866728 24.9 871.5 1008.7 1008.1 22.2 44.39 22.5 47.81
1285866847 25.0 871.5 1008.7 1008.0 22.2 43.69 22.6 47.81
1285866966 25.0 871.5 1008.7 1008.0 22.3 43.69 22.6 47.81
1285867085 25.1 871.4 1008.5 1007.9 22.3 44.04 22.6 47.81
1285867204 25.1 871.4 1008.5 1007.9 22.4 43.69 22.7 47.11
1285867323 25.2 871.4 1008.5 1007.8 22.4 43.69 22.8 47.11
1285867442 25.2 871.5 1008.6 1007.9 22.5 43.69 22.8 47.46
1285867561 25.3 871.5 1008.6 1007.9 22.6 43.69 22.9 47.11
1285867680 25.3 871.6 1008.7 1008.0 22.6 43.69 22.9 47.46
1285867799 25.4 871.5 1008.6 1007.8 22.7 43.69 23.0 47.11
1285867918 25.4 871.7 1008.9 1008.1 22.7 43.35 23.1 47.11
1285868037 25.5 871.7 1008.9 1008.1 22.8 42.31 23.1 46.50
1285868156 25.5 871.7 1008.8 1008.0 22.8 42.66 23.2 46.41
1285868275 25.6 871.6 1008.7 1007.9 22.9 42.31 23.3 46.06
1285868394 25.6 871.5 1008.6 1007.7 22.9 41.96 23.4 45.71
1285868513 25.7 871.6 1008.7 1007.8 23.0 41.96 23.4 45.71
1285868632 25.7 871.5 1008.5 1007.6 23.1 41.96 23.5 45.71
1285868751 25.7 871.4 1008.4 1007.5 23.1 40.93 23.6 44.65
1285868870 25.8 871.5 1008.5 1007.6 23.2 40.93 23.6 44.30
1285868989 25.8 871.4 1008.4 1007.5 23.2 41.27 23.7 45.00
1285869108 25.9 871.7 1008.7 1007.7 23.3 40.93 23.8 44.30
1285869227 25.9 871.6 1008.6 1007.6 23.4 40.93 23.8 44.65
1285869346 25.9 871.7 1008.7 1007.7 23.4 39.54 23.8 43.60
1285869465 26.0 871.7 1008.7 1007.7 23.5 39.54 23.9 43.60
1285869584 26.0 871.7 1008.7 1007.7 23.6 39.89 23.9 43.60
1285869704 26.1 871.8 1008.8 1007.7 23.6 39.54 24.1 43.25
1285869823 26.1 871.7 1008.7 1007.6 23.7 38.51 24.1 41.49
1285869942 26.2 871.8 1008.8 1007.7 23.8 38.85 24.2 42.20
1285870061 26.2 871.9 1008.9 1007.8 23.8 38.85 24.2 42.20
1285870180 26.2 871.8 1008.7 1007.6 23.9 38.16 24.3 41.84
1285870298 26.3 871.5 1008.4 1007.3 23.9 38.85 24.4 42.20
1285870417 26.3 871.7 1008.6 1007.5 24.0 36.09 24.4 37.98
1285870536 26.3 871.7 1008.6 1007.5 24.1 35.39 24.4 39.04
1285870655 26.3 871.5 1008.4 1007.2 24.1 36.09 24.5 40.09
1285870774 26.4 871.5 1008.4 1007.2 24.2 36.09 24.6 39.74
1285870893 26.4 871.7 1008.6 1007.4 24.2 36.09 24.6 40.09
1285871012 26.4 871.7 1008.6 1007.4 24.3 36.09 24.6 40.09
1285871131 26.4 871.7 1008.6 1007.4 24.3 36.09 24.6 40.09
1285871250 26.4 871.6 1008.5 1007.3 24.3 36.78 24.6 40.09
1285871369 26.4 871.7 1008.5 1007.3 24.4 36.43 24.6 40.09
1285871488 26.4 871.8 1008.6 1007.4 24.4 36.09 24.6 40.09
1285871607 26.4 871.7 1008.5 1007.3 24.4 36.09 24.6 39.39
1285871726 26.4 871.7 1008.5 1007.3 24.4 36.78 24.5 40.44
1285871845 26.5 871.6 1008.5 1007.3 24.4 36.78 24.5 40.09
1285871964 26.5 871.6 1008.5 1007.3 24.4 36.78 24.5 40.44
1285872083 26.5 871.6 1008.5 1007.3 24.4 36.43 24.5 40.09
1285872202 26.5 871.5 1008.3 1007.1 24.4 36.09 24.4 40.09
1285872321 26.5 871.6 1008.4 1007.3 24.4 36.09 24.4 39.74
1285872440 26.5 871.4 1008.2 1007.0 24.4 36.09 24.4 39.74
1285872559 26.5 871.4 1008.2 1007.1 24.4 36.78 24.4 40.09
1285872678 26.5 871.4 1008.2 1007.0 24.4 37.82 24.4 41.49
1285872797 26.5 871.3 1008.1 1006.9 24.4 38.85 24.4 42.55
1285872916 26.5 871.3 1008.1 1007.0 24.4 37.47 24.4 41.49
1285873035 26.5 871.4 1008.2 1007.0 24.4 37.47 24.4 41.49
1285873154 26.5 871.4 1008.2 1007.0 24.4 37.12 24.4 41.14
1285873273 26.5 871.3 1008.1 1006.9 24.4 37.12 24.4 40.79
1285873392 26.6 871.2 1008.0 1006.8 24.3 36.78 24.4 40.09
1285873511 26.6 871.0 1007.8 1006.6 24.3 36.43 24.4 40.09
1285873630 26.7 871.3 1008.1 1006.9 24.4 36.78 24.4 40.79
1285873749 26.7 870.8 1007.6 1006.4 24.4 36.78 24.5 40.44
1285873868 26.8 871.1 1007.9 1006.7 24.4 36.09 24.6 40.09
1285873987 26.8 871.1 1007.9 1006.7 24.4 36.09 24.6 39.39
1285874106 26.8 871.0 1007.8 1006.5 24.4 34.01 24.6 37.28
1285874225 26.9 871.0 1007.8 1006.6 24.4 33.32 24.7 36.23
1285874344 26.9 870.9 1007.7 1006.4 24.5 33.32 24.7 36.58
1285874463 26.8 870.9 1007.7 1006.5 24.5 32.63 24.8 36.58
1285874582 26.6 871.0 1007.8 1006.5 24.6 32.63 24.9 33.77
1285874701 26.3 870.8 1007.6 1006.4 24.6 30.55 24.9 33.42
1285874820 26.0 871.0 1007.8 1006.5 24.6 29.17 24.9 33.07
1285874939 25.7 871.0 1007.8 1006.5 24.7 30.21 24.9 33.42
1285875058 25.4 870.9 1007.7 1006.4 24.7 30.21 25.0 33.77
1285875177 25.1 870.9 1007.6 1006.3 24.8 29.86 25.1 33.42
1285875296 24.9 870.7 1007.5 1006.1 24.8 29.86 25.1 33.07
1285875415 24.6 870.9 1007.7 1006.4 24.8 29.17 25.1 33.07
1285875534 24.4 870.8 1007.6 1006.3 24.8 29.86 25.1 33.77
1285875653 24.2 870.8 1007.5 1006.2 24.9 29.52 25.1 32.01
1285875772 24.0 870.7 1007.4 1006.1 24.9 29.17 25.1 32.37
1285875891 23.9 870.6 1007.3 1006.0 24.9 29.17 25.2 32.72
1285876010 23.7 870.5 1007.2 1005.8 24.9 29.17 25.2 33.07
1285876129 23.6 870.5 1007.1 1005.8 24.9 29.52 25.2 33.07
1285876248 23.5 870.5 1007.1 1005.8 25.0 28.82 25.2 31.66
1285876367 23.6 870.7 1007.4 1006.0 25.0 28.82 25.2 32.02
1285876486 23.7 870.6 1007.3 1006.0 25.0 28.82 25.2 32.01
1285876605 23.9 870.7 1007.4 1006.1 25.0 29.17 25.2 32.72
1285876724 24.0 870.7 1007.4 1006.1 25.0 29.17 25.2 32.37
1285876843 24.2 870.8 1007.6 1006.2 25.1 28.48 25.2 32.37
1285876962 24.3 870.7 1007.4 1006.0 25.1 29.17 25.3 32.72
1285877081 24.5 870.7 1007.4 1006.0 25.1 28.82 25.3 31.66
1285877200 24.6 870.7 1007.4 1006.0 25.1 28.48 25.3 32.02
1285877319 24.7 870.5 1007.2 1005.8 25.1 28.82 25.3 32.02
1285877438 24.9 870.6 1007.3 1005.9 25.1 28.82 25.3 32.37
1285877557 25.0 870.6 1007.3 1005.9 25.1 27.79 25.4 30.96
1285877676 25.1 870.5 1007.2 1005.8 25.2 27.79 25.4 30.96
1285877795 25.2 870.4 1007.1 1005.6 25.2 27.09 25.4 30.61
1285877914 25.2 870.5 1007.2 1005.7 25.2 27.79 25.4 30.26
1285878033 25.3 870.4 1007.1 1005.7 25.2 27.44 25.4 30.26
1285878152 25.4 870.5 1007.1 1005.7 25.2 27.79 25.4 30.96
1285878271 25.5 870.5 1007.2 1005.7 25.2 28.48 25.5 31.66
1285878390 25.5 870.4 1007.0 1005.5 25.2 29.17 25.6 32.72
1285878509 25.6 870.6 1007.1 1005.7 25.3 30.21 25.6 33.77
1285878628 25.7 870.4 1006.9 1005.5 25.4 29.86 25.6 33.42
1285878747 25.7 870.5 1007.0 1005.6 25.4 30.90 25.7 34.47
1285878866 25.8 870.4 1006.9 1005.4 25.4 30.55 25.8 34.47
1285878985 25.8 870.5 1007.0 1005.5 25.4 30.90 25.8 34.12
1285879104 25.9 870.6 1007.1 1005.6 25.5 30.90 25.8 34.54
1285879223 25.9 870.7 1007.2 1005.7 25.5 30.90 25.8 34.47
1285879342 26.0 870.7 1007.3 1005.8 25.6 30.55 25.8 34.12
1285879461 26.0 870.8 1007.3 1005.8 25.6 30.90 25.8 34.47
1285879580 26.0 870.9 1007.4 1005.9 25.6 31.94 25.8 35.53
1285879699 26.1 870.9 1007.3 1005.8 25.6 33.32 25.8 36.58
1285879818 26.1 870.8 1007.3 1005.8 25.6 33.32 25.8 36.58
1285879937 26.1 870.9 1007.3 1005.8 25.6 33.32 25.7 36.58
1285880056 26.2 870.9 1007.3 1005.9 25.6 33.32 25.6 36.93
1285880175 26.2 870.7 1007.1 1005.7 25.6 32.97 25.6 36.58
1285880294 26.2 870.8 1007.2 1005.8 25.6 33.32 25.6 36.58
1285880413 26.3 870.6 1007.0 1005.6 25.6 32.97 25.6 36.58
1285880532 26.3 870.6 1007.0 1005.6 25.5 32.63 25.5 35.88
1285880651 26.3 870.6 1007.1 1005.7 25.5 32.28 25.5 35.88
1285880770 26.3 870.6 1007.0 1005.6 25.5 32.63 25.5 35.88
1285880889 26.4 870.5 1006.9 1005.6 25.4 32.63 25.4 35.17
1285881008 26.4 870.5 1006.9 1005.6 25.4 30.55 25.4 33.42
1285881127 26.4 870.5 1006.9 1005.6 25.4 29.86 25.4 32.02
1285881246 26.4 870.4 1006.7 1005.5 25.4 28.82 25.4 32.78
1285881365 26.5 870.3 1006.7 1005.4 25.4 29.17 25.4 33.07
1285881484 26.5 870.2 1006.6 1005.3 25.4 29.86 25.4 33.07
1285881603 26.5 870.2 1006.5 1005.3 25.4 28.48 25.4 32.37
1285881722 26.5 870.2 1006.5 1005.3 25.3 28.82 25.4 32.72
1285881841 26.5 870.1 1006.4 1005.2 25.3 29.17 25.4 32.72
1285881960 26.5 870.0 1006.3 1005.1 25.3 29.52 25.4 33.07
1285882079 26.3 870.1 1006.4 1005.2 25.3 29.17 25.4 33.07
1285882198 26.0 870.1 1006.4 1005.3 25.3 28.48 25.4 30.96
1285882317 25.7 870.1 1006.4 1005.2 25.3 28.48 25.4 31.31
1285882436 25.4 870.0 1006.3 1005.1 25.3 28.48 25.4 31.66
1285882555 25.1 869.9 1006.2 1005.0 25.3 28.13 25.4 31.31
1285882674 24.9 869.9 1006.1 1005.0 25.3 28.48 25.4 31.66
1285882793 24.6 869.9 1006.2 1005.0 25.3 27.09 25.4 30.61
1285882912 24.4 870.0 1006.2 1005.1 25.3 27.79 25.4 30.96
1285883031 24.2 870.0 1006.2 1005.1 25.3 28.13 25.5 31.66
1285883150 24.0 869.9 1006.1 1004.9 25.4 29.17 25.6 32.72
1285883269 23.8 870.0 1006.2 1005.0 25.4 29.17 25.6 33.07
1285883388 23.7 870.2 1006.4 1005.2 25.4 29.17 25.6 32.37
1285883507 23.5 870.1 1006.3 1005.1 25.4 29.17 25.7 32.72
1285883626 23.4 870.2 1006.3 1005.1 25.5 29.17 25.8 33.07
1285883746 23.3 870.1 1006.3 1005.1 25.5 29.52 25.8 33.07
1285883865 23.2 870.3 1006.4 1005.2 25.6 29.17 25.8 33.07
1285883984 23.3 870.1 1006.2 1005.1 25.6 28.48 25.9 32.02
1285884103 23.5 870.2 1006.3 1005.2 25.6 29.17 25.9 32.37
1285884221 23.6 870.3 1006.4 1005.3 25.7 28.48 25.9 31.66
1285884340 23.8 870.3 1006.4 1005.2 25.8 27.79 26.1 30.96
1285884459 24.0 870.2 1006.3 1005.1 25.8 27.44 26.1 30.26
1285884578 24.2 870.2 1006.3 1005.1 25.8 27.09 26.2 30.26
1285884697 24.3 870.1 1006.1 1004.9 25.9 27.09 26.3 30.61
1285884816 24.5 870.0 1005.9 1004.7 25.9 27.09 26.4 30.61
1285884935 24.6 870.1 1006.0 1004.8 26.0 27.09 26.4 30.96
1285885054 24.7 870.1 1006.0 1004.8 26.1 27.44 26.5 30.61
1285885173 24.8 869.9 1005.7 1004.5 26.1 26.75 26.6 30.26
1285885292 25.0 870.0 1005.9 1004.6 26.1 25.71 26.6 29.21
1285885411 25.1 869.9 1005.7 1004.5 26.2 26.40 26.7 29.91
1285885530 25.2 870.0 1005.8 1004.5 26.2 26.40 26.8 29.56
1285885649 25.3 870.1 1006.0 1004.7 26.3 25.71 26.8 29.21
1285885768 25.3 870.1 1006.0 1004.7 26.3 25.71 26.8 28.86
1285885887 25.4 870.2 1006.1 1004.8 26.4 25.71 26.8 28.86
1285886006 25.5 870.2 1006.0 1004.7 26.4 25.37 26.8 28.15
1285886125 25.6 870.2 1006.0 1004.7 26.5 25.02 26.9 28.50
1285886244 25.6 870.1 1005.9 1004.7 26.5 25.02 26.9 28.15
1285886363 25.7 870.1 1005.9 1004.7 26.6 24.67 26.9 27.45
1285886482 25.7 870.2 1006.0 1004.8 26.6 24.33 26.9 27.45
1285886601 25.8 870.3 1006.1 1004.8 26.6 25.02 26.9 28.21
1285886720 25.8 870.4 1006.2 1004.9 26.6 25.37 26.9 28.86
1285886839 25.9 870.4 1006.2 1004.9 26.7 25.71 27.0 28.86
1285886958 25.9 870.5 1006.3 1005.0 26.7 25.71 27.0 29.21
1285887077 26.0 870.5 1006.3 1005.0 26.8 26.06 27.0 29.21
1285887196 26.1 870.6 1006.3 1005.0 26.8 26.06 27.1 29.21
1285887315 26.1 870.6 1006.3 1005.0 26.8 26.40 27.1 29.56
1285887434 26.2 870.7 1006.4 1005.1 26.8 27.79 27.1 30.61
1285887553 26.2 870.6 1006.3 1005.1 26.8 27.79 27.1 30.96
1285887672 26.3 870.6 1006.3 1005.0 26.8 27.79 27.1 30.96
1285887791 26.3 870.7 1006.4 1005.1 26.8 28.13 27.0 30.96
1285887910 26.3 870.7 1006.5 1005.2 26.8 28.13 27.0 31.31
1285888029 26.3 870.8 1006.5 1005.2 26.8 27.79 27.0 30.96
1285888148 26.3 870.7 1006.4 1005.1 26.9 28.13 27.0 31.31
1285888267 26.1 870.7 1006.4 1005.1 26.9 28.48 27.0 31.66
1285888386 25.8 870.7 1006.4 1005.1 26.9 28.48 27.0 31.73
1285888505 25.5 870.7 1006.4 1005.1 26.9 28.82 26.9 32.02
1285888624 25.2 870.7 1006.4 1005.1 26.9 29.17 26.9 32.37
1285888743 25.0 870.7 1006.4 1005.1 26.9 29.17 26.9 32.37
1285888862 24.7 870.7 1006.4 1005.1 26.8 29.17 26.9 33.07
1285888981 24.5 870.7 1006.4 1005.1 26.8 29.17 26.9 32.72
1285889100 24.3 870.7 1006.4 1005.1 26.8 29.52 26.9 32.72
1285889219 24.1 870.5 1006.2 1004.9 26.8 29.52 26.8 32.72
1285889338 23.9 870.5 1006.2 1004.9 26.8 29.52 26.8 32.72
1285889457 23.7 870.6 1006.3 1005.1 26.8 29.52 26.8 32.78
1285889576 23.6 870.6 1006.4 1005.1 26.8 29.52 26.8 33.13
1285889695 23.5 870.6 1006.3 1005.0 26.8 29.52 26.7 33.13
1285889814 23.3 870.6 1006.4 1005.1 26.7 29.52 26.6 33.07
1285889933 23.2 870.8 1006.6 1005.3 26.7 29.86 26.6 33.07
1285890052 23.2 870.8 1006.6 1005.4 26.6 29.86 26.6 33.07
1285890171 23.3 870.7 1006.5 1005.3 26.6 29.86 26.5 33.07
1285890291 23.5 870.7 1006.5 1005.3 26.6 30.55 26.4 33.77
1285890409 23.7 870.7 1006.5 1005.3 26.5 30.55 26.4 33.77
1285890528 23.9 870.9 1006.7 1005.5 26.5 31.25 26.4 34.47
1285890647 24.1 871.0 1006.8 1005.6 26.4 31.25 26.3 34.47
1285890767 24.2 870.9 1006.8 1005.6 26.4 31.94 26.2 35.18
1285890885 24.4 870.9 1006.8 1005.6 26.4 31.94 26.2 35.18
1285891004 24.5 871.0 1006.8 1005.7 26.3 31.94 26.2 35.18
1285891123 24.6 871.0 1006.9 1005.7 26.3 31.94 26.1 35.53
1285891242 24.8 871.0 1006.9 1005.8 26.2 31.94 26.1 35.17
1285891361 24.9 871.0 1006.9 1005.8 26.2 31.94 26.0 35.53
1285891480 25.0 870.9 1006.8 1005.7 26.1 32.28 25.9 35.53
1285891599 25.1 870.9 1006.8 1005.7 26.1 32.63 25.9 36.58
1285891718 25.2 871.0 1006.9 1005.8 26.1 32.63 25.9 36.58
1285891837 25.2 870.9 1006.8 1005.8 26.0 32.97 25.8 36.65
1285891956 25.3 870.9 1006.9 1005.8 25.9 33.32 25.8 36.58
1285892075 25.4 871.0 1006.9 1005.9 25.9 33.32 25.7 36.93
1285892194 25.4 870.9 1006.8 1005.8 25.9 33.32 25.6 36.93
1285892313 25.5 871.0 1006.9 1005.9 25.8 33.32 25.6 36.93
1285892432 25.5 870.9 1006.9 1005.9 25.8 33.32 25.6 36.93
1285892551 25.5 870.9 1006.9 1005.9 25.8 33.67 25.5 37.28
1285892670 25.6 871.0 1007.0 1006.0 25.7 33.67 25.4 37.28
1285892789 25.6 871.0 1007.0 1006.0 25.6 34.01 25.4 37.63
1285892908 25.7 870.9 1006.8 1005.9 25.6 34.36 25.4 37.98
1285893027 25.7 870.9 1006.9 1006.0 25.6 34.70 25.3 37.98
1285893146 25.7 871.0 1007.0 1006.1 25.5 34.70 25.2 37.98
1285893265 25.8 871.0 1007.0 1006.1 25.4 34.36 25.2 37.63
1285893384 25.8 870.9 1006.9 1006.1 25.4 34.36 25.2 37.98
1285893503 25.8 870.9 1006.9 1006.0 25.4 34.70 25.1 37.98
1285893622 25.9 870.8 1006.8 1006.0 25.3 34.70 25.1 37.98
1285893741 25.9 871.0 1007.0 1006.2 25.2 34.70 25.0 37.98
1285893860 25.9 871.0 1007.0 1006.2 25.2 34.70 25.0 37.98
1285893979 25.9 870.9 1006.9 1006.2 25.2 34.70 24.9 37.63
1285894098 26.0 870.9 1006.9 1006.2 25.2 34.01 24.9 37.63
1285894217 26.0 871.0 1007.1 1006.4 25.1 34.36 24.9 37.98
1285894336 26.0 871.0 1007.0 1006.3 25.1 34.70 24.9 37.98
1285894455 26.1 871.0 1007.1 1006.4 25.1 35.05 24.8 38.76
1285894574 26.1 871.1 1007.1 1006.4 25.0 35.74 24.8 40.09
1285894693 26.1 871.1 1007.2 1006.5 25.0 36.09 24.8 39.74
1285894812 26.1 871.2 1007.3 1006.6 24.9 36.09 24.8 39.39
1285894931 26.2 871.3 1007.4 1006.7 24.9 36.09 24.7 39.39
1285895050 26.2 871.2 1007.3 1006.7 24.9 36.78 24.6 40.09
1285895169 26.2 871.2 1007.3 1006.7 24.9 37.12 24.6 40.09
1285895288 26.2 871.4 1007.4 1006.8 24.8 37.47 24.6 40.79
1285895407 26.2 871.4 1007.5 1006.9 24.8 38.16 24.6 41.14
1285895526 26.2 871.4 1007.5 1006.9 24.8 38.16 24.6 42.20
1285895645 26.2 871.5 1007.6 1007.0 24.8 38.16 24.5 41.49
1285895764 26.3 871.5 1007.6 1007.0 24.7 37.82 24.5 40.79
1285895883 26.3 871.5 1007.6 1007.0 24.7 38.16 24.5 42.20
1285896002 26.3 871.5 1007.6 1007.0 24.6 38.16 24.4 41.84
1285896121 26.3 871.5 1007.7 1007.1 24.6 37.82 24.4 41.49
1285896240 26.3 871.5 1007.6 1007.0 24.6 37.47 24.4 40.79
1285896359 26.3 871.5 1007.6 1007.1 24.6 37.47 24.3 41.49
1285896478 26.3 871.6 1007.8 1007.2 24.5 37.82 24.3 41.14
1285896597 26.3 871.6 1007.8 1007.3 24.5 37.47 24.3 40.79
1285896716 26.3 871.8 1008.1 1007.5 24.4 37.47 24.2 40.79
1285896835 26.4 871.8 1008.1 1007.5 24.4 37.12 24.2 40.79
1285896955 26.4 871.8 1008.1 1007.6 24.4 37.12 24.2 40.79
1285897074 26.4 871.7 1008.0 1007.5 24.4 37.12 24.2 40.79
1285897192 26.4 871.7 1008.0 1007.5 24.4 36.78 24.2 40.09
1285897311 26.4 872.0 1008.3 1007.8 24.3 36.09 24.1 39.39
1285897430 26.4 872.0 1008.3 1007.8 24.3 36.09 24.1 39.39
1285897549 26.4 871.9 1008.3 1007.8 24.2 36.09 24.1 40.09
1285897668 26.4 871.9 1008.3 1007.8 24.2 36.78 24.1 40.09
1285897787 26.4 871.7 1008.1 1007.6 24.2 37.81 24.1 41.49
1285897906 26.4 871.7 1008.0 1007.5 24.2 37.81 24.0 41.49
1285898025 26.4 871.6 1007.9 1007.4 24.1 37.47 23.9 41.49
1285898144 26.4 871.7 1008.0 1007.5 24.1 38.51 23.9 41.84
1285898263 26.4 871.7 1008.0 1007.6 24.1 39.20 23.9 42.55
1285898382 26.4 871.9 1008.2 1007.8 24.1 40.93 23.8 44.30
1285898501 26.5 871.9 1008.2 1007.8 24.0 40.93 23.8 45.00
1285898620 26.5 871.9 1008.2 1007.8 23.9 42.31 23.7 46.76
1285898739 26.5 871.7 1008.1 1007.6 23.9 42.31 23.7 45.71
1285898858 26.5 871.7 1008.0 1007.7 23.9 43.35 23.6 46.06
1285898977 26.5 871.8 1008.1 1007.7 23.8 45.08 23.6 48.51
1285899096 26.5 871.7 1007.9 1007.6 23.8 46.46 23.4 48.16
1285899215 26.5 871.8 1008.1 1007.8 23.8 44.73 23.4 47.81
1285899334 26.5 871.7 1008.0 1007.7 23.7 43.00 23.3 46.41
1285899453 26.5 871.8 1008.2 1007.9 23.6 42.31 23.2 46.41
1285899572 26.5 871.9 1008.2 1008.0 23.6 44.39 23.1 48.51
1285899691 26.5 871.9 1008.2 1008.0 23.5 45.08 23.1 48.87
1285899810 26.5 871.9 1008.3 1008.1 23.4 40.24 23.0 44.30
1285899929 26.5 871.8 1008.2 1008.1 23.3 40.58 22.9 44.65
1285900048 26.5 871.9 1008.4 1008.2 23.2 41.27 22.9 45.00
1285900167 26.5 871.9 1008.4 1008.2 23.2 40.93 22.8 46.06
1285900286 26.5 872.2 1008.7 1008.6 23.1 42.31 22.8 46.41
1285900405 26.5 872.1 1008.6 1008.5 23.1 42.31 22.8 46.06
1285900524 26.5 872.1 1008.6 1008.5 23.0 41.62 22.7 45.35
1285900643 26.5 872.2 1008.7 1008.7 23.0 41.62 22.6 45.00
1285900762 26.5 872.3 1008.9 1008.8 22.9 40.93 22.6 44.65
1285900881 26.5 872.2 1008.8 1008.8 22.9 41.62 22.6 45.35
1285901000 26.5 872.3 1008.8 1008.8 22.9 42.31 22.6 46.41
1285901119 26.6 872.2 1008.7 1008.8 22.8 41.96 22.6 46.06
1285901238 26.6 872.2 1008.7 1008.8 22.8 41.96 22.5 46.06
1285901357 26.5 872.3 1008.8 1008.9 22.8 43.35 22.5 47.11
1285901476 26.5 872.2 1008.7 1008.8 22.7 43.69 22.5 47.46
1285901595 26.5 872.0 1008.5 1008.6 22.7 43.00 22.4 47.11
1285901714 26.5 871.9 1008.3 1008.4 22.6 43.00 22.4 46.76
1285901833 26.5 871.8 1008.3 1008.4 22.6 43.00 22.4 47.11
1285901952 26.5 871.8 1008.3 1008.4 22.6 43.69 22.4 47.46
1285902071 26.4 871.8 1008.2 1008.4 22.6 44.04 22.4 47.81
1285902190 26.4 871.9 1008.3 1008.5 22.6 43.69 22.4 47.46
1285902309 26.4 871.9 1008.4 1008.5 22.6 43.69 22.4 47.46
1285902428 26.4 872.0 1008.5 1008.6 22.5 43.69 22.3 47.81
1285902547 26.4 872.0 1008.5 1008.7 22.5 43.69 22.3 48.16
1285902666 26.4 872.1 1008.6 1008.8 22.5 44.73 22.3 48.51
1285902785 26.3 872.2 1008.6 1008.9 22.4 44.39 22.2 49.22
1285902904 26.3 872.2 1008.7 1008.9 22.4 44.39 22.2 48.51
1285903023 26.3 872.2 1008.6 1008.9 22.4 44.73 22.2 48.51
1285903142 26.3 872.2 1008.7 1008.9 22.4 45.08 22.2 49.22
1285903261 26.3 872.3 1008.8 1009.0 22.4 45.08 22.2 49.92
1285903380 26.2 872.3 1008.8 1009.0 22.4 45.08 22.2 49.92
1285903499 26.2 872.4 1008.9 1009.1 22.4 45.77 22.1 51.32
1285903618 26.2 872.4 1008.9 1009.1 22.3 46.11 22.1 50.62
1285903737 26.2 872.5 1009.0 1009.2 22.3 45.77 22.1 49.92
1285903856 26.2 872.4 1009.0 1009.2 22.2 45.77 22.1 49.57
1285903975 26.2 872.5 1009.0 1009.3 22.2 45.77 22.1 49.92
1285904094 26.2 872.4 1008.9 1009.2 22.2 45.77 22.0 49.92
1285904214 26.2 872.3 1008.8 1009.1 22.2 45.77 22.0 49.22
1285904332 26.2 872.4 1008.9 1009.3 22.2 45.42 21.9 49.22
1285904451 26.2 872.3 1008.8 1009.1 22.2 45.77 21.9 50.62
1285904570 26.2 872.5 1009.0 1009.3 22.1 46.11 21.9 52.02
1285904689 26.2 872.4 1008.9 1009.3 22.1 49.57 21.9 54.72
1285904808 26.2 872.6 1009.1 1009.4 22.1 50.61 21.9 54.48
1285904927 26.1 872.8 1009.3 1009.7 22.1 50.61 21.8 54.48
1285905046 26.1 872.9 1009.4 1009.8 22.1 51.30 21.8 55.54
1285905166 26.1 873.0 1009.6 1010.0 22.0 51.99 21.8 58.34
1285905284 26.1 872.9 1009.4 1009.8 22.0 54.41 21.7 59.75
1285905403 26.1 873.0 1009.5 1010.0 21.9 53.38 21.6 57.64
1285905522 26.1 873.2 1009.7 1010.2 21.9 54.07 21.6 58.69
1285905641 26.1 872.9 1009.5 1010.0 21.9 53.38 21.5 58.34
1285905760 26.1 872.7 1009.2 1009.7 21.8 55.80 21.4 58.34
1285905879 26.0 872.7 1009.2 1009.7 21.8 56.83 21.4 62.56
1285905998 26.0 872.7 1009.2 1009.7 21.7 55.45 21.3 60.10
1285906117 26.0 872.4 1009.0 1009.5 21.7 53.38 21.2 57.64
1285906236 26.0 872.2 1008.8 1009.3 21.6 52.68 21.2 56.94
1285906355 26.0 872.2 1008.8 1009.3 21.6 52.68 21.1 57.64
1285906474 26.0 872.5 1009.1 1009.7 21.5 52.34 21.1 58.34
1285906593 26.0 872.6 1009.3 1009.9 21.4 53.38 21.1 59.05
1285906712 26.0 872.9 1009.6 1010.2 21.4 53.38 21.1 59.05
1285906831 26.0 872.9 1009.6 1010.2 21.4 53.38 21.0 57.99
1285906950 25.9 872.7 1009.4 1010.0 21.3 51.99 21.0 56.94
1285907069 25.9 872.7 1009.4 1010.0 21.2 50.61 20.9 55.54
1285907188 25.9 872.6 1009.3 1010.0 21.2 50.26 20.9 54.83
1285907307 25.9 872.5 1009.2 1009.8 21.1 49.92 20.9 54.83
1285907426 25.8 872.5 1009.2 1009.9 21.1 50.61 20.9 54.83
1285907545 25.8 872.5 1009.2 1010.0 21.1 49.92 20.8 53.78
1285907664 25.8 872.3 1008.9 1009.7 21.1 49.57 20.8 54.13
1285907783 25.8 872.5 1009.2 1009.9 21.1 48.53 20.8 53.08
1285907902 25.8 872.4 1009.1 1009.9 21.0 49.57 20.8 54.13
1285908021 25.8 872.3 1009.0 1009.7 21.0 50.61 20.8 54.48
1285908140 25.8 872.4 1009.0 1009.8 20.9 51.30 20.8 55.18
1285908259 25.8 872.6 1009.2 1010.0 20.9 53.38 20.8 58.34
1285908378 25.8 872.4 1009.0 1009.8 20.9 56.83 20.8 59.05
1285908497 25.7 872.4 1008.9 1009.7 20.9 58.91 20.8 63.61
1285908616 25.7 872.4 1008.8 1009.7 20.9 58.91 20.8 63.96
1285908735 25.7 872.6 1009.1 1010.0 20.9 58.22 20.6 62.91
1285908854 25.7 872.6 1009.2 1010.1 20.9 60.29 20.6 63.61
1285908973 25.6 872.7 1009.2 1010.1 20.8 60.98 20.5 63.96
1285909092 25.6 872.6 1009.1 1010.0 20.8 62.02 20.4 64.66
1285909211 25.6 872.6 1009.1 1010.1 20.8 62.37 20.3 66.42
1285909330 25.6 872.7 1009.3 1010.3 20.7 61.33 20.2 64.66
1285909449 25.5 872.6 1009.2 1010.2 20.6 62.37 20.1 65.72
1285909568 25.5 872.9 1009.5 1010.6 20.5 61.33 20.0 65.36
1285909687 25.5 872.8 1009.4 1010.5 20.4 63.75 19.9 66.77
1285909806 25.5 872.9 1009.6 1010.7 20.4 64.44 19.8 66.77
1285909925 25.4 872.8 1009.4 1010.5 20.2 63.40 19.8 66.07
1285910044 25.4 872.8 1009.4 1010.6 20.2 65.83 19.7 70.98
1285910163 25.3 872.8 1009.5 1010.7 20.1 64.44 19.6 68.52
1285910282 25.3 872.9 1009.6 1010.7 20.1 64.79 19.6 69.58
1285910401 25.3 872.7 1009.4 1010.6 20.0 64.44 19.5 68.17
1285910520 25.2 872.7 1009.5 1010.7 19.9 63.06 19.4 67.82
1285910639 25.2 872.9 1009.7 1010.9 19.8 62.71 19.4 67.69
1285910758 25.2 873.0 1009.7 1011.0 19.8 66.52 19.3 70.98
1285910877 25.1 873.1 1009.9 1011.2 19.7 67.21 19.2 70.63
1285910996 25.1 873.4 1010.2 1011.5 19.6 66.52 19.2 69.58
1285911115 25.1 873.6 1010.5 1011.8 19.6 66.52 19.1 69.93
1285911234 25.1 873.4 1010.2 1011.6 19.5 68.25 19.1 70.28
1285911353 25.0 873.4 1010.2 1011.6 19.4 69.28 19.0 72.39
1285911473 25.0 873.4 1010.3 1011.7 19.4 69.28 19.0 72.59
1285911591 25.0 873.6 1010.4 1011.9 19.3 69.98 18.9 74.84
1285911710 24.9 873.9 1010.8 1012.2 19.2 68.59 18.9 74.49
1285911829 24.9 873.7 1010.6 1012.1 19.2 67.90 18.8 75.74
1285911948 24.9 873.7 1010.6 1012.1 19.1 69.28 18.8 74.84
1285912067 24.8 873.7 1010.6 1012.1 19.1 68.59 18.7 74.49
1285912186 24.8 873.8 1010.8 1012.4 19.0 68.94 18.6 73.99
1285912305 24.8 874.1 1011.1 1012.7 18.9 68.94 18.5 74.49
1285912424 24.7 873.9 1010.9 1012.5 18.9 69.28 18.5 74.49
1285912543 24.7 873.8 1010.9 1012.5 18.8 71.01 18.4 75.04
1285912662 24.7 873.8 1010.8 1012.4 18.8 72.40 18.4 78.71
1285912781 24.6 873.8 1010.8 1012.5 18.7 72.05 18.3 77.65
1285912900 24.6 874.0 1011.0 1012.6 18.6 73.78 18.2 79.76
1285913019 24.6 874.0 1011.0 1012.7 18.6 72.05 18.2 77.85
1285913138 24.5 874.0 1011.1 1012.8 18.5 73.43 18.1 78.35
1285913257 24.5 873.8 1010.8 1012.5 18.4 73.78 18.1 79.76
1285913376 24.5 873.8 1010.8 1012.6 18.4 74.13 18.0 79.76
1285913495 24.4 874.1 1011.2 1013.0 18.4 73.43 17.9 81.51
1285913614 24.4 874.4 1011.5 1013.3 18.3 74.47 17.9 80.81
1285913733 24.4 874.6 1011.8 1013.6 18.2 74.13 17.9 80.46
1285913852 24.4 874.8 1012.0 1013.8 18.2 74.82 17.9 80.46
1285913971 24.4 874.9 1012.1 1014.0 18.1 75.16 17.8 81.86
1285914090 24.3 874.8 1012.0 1013.8 18.1 74.82 17.8 81.51
1285914209 24.3 875.0 1012.3 1014.1 18.1 74.47 17.7 80.81
1285914328 24.3 874.9 1012.1 1014.0 18.0 75.16 17.7 81.86
1285914447 24.3 874.9 1012.2 1014.1 17.9 74.47 17.6 80.46
1285914566 24.2 874.5 1011.8 1013.7 17.9 74.47 17.6 81.35
1285914685 24.2 874.4 1011.7 1013.6 17.8 74.47 17.5 81.70
1285914804 24.2 874.6 1011.9 1013.8 17.8 74.47 17.4 81.35
1285914923 24.2 874.4 1011.8 1013.6 17.8 74.82 17.4 82.40
1285915042 24.2 874.2 1011.6 1013.5 17.7 74.82 17.4 81.51
1285915161 24.2 873.9 1011.2 1013.1 17.6 76.55 17.4 83.97
1285915280 24.2 873.9 1011.2 1013.1 17.6 76.55 17.3 82.92
1285915399 24.1 873.8 1011.1 1013.0 17.6 76.55 17.2 82.57
1285915518 24.1 873.6 1010.9 1012.9 17.5 75.51 17.1 82.57
1285915637 24.1 873.5 1010.8 1012.7 17.4 75.16 17.1 81.87
1285915756 24.1 873.4 1010.8 1012.7 17.4 77.24 17.1 82.40
1285915875 24.1 873.5 1010.9 1012.8 17.3 77.24 17.1 84.32
1285915994 24.0 873.5 1010.8 1012.7 17.2 76.89 17.1 83.97
1285916113 24.0 873.4 1010.8 1012.7 17.2 77.93 17.0 83.97
1285916232 24.0 873.3 1010.7 1012.6 17.2 77.58 17.0 83.62
1285916351 24.0 873.3 1010.6 1012.6 17.2 76.20 16.9 82.92
